suppliers: 3
factories: 1
DCs: 4
shops: 1

suppliersMatrix
688.743000 
77.587000 
477.150000 

factoriesMatrix
264.319000 323.290000 280.501000 563.945000 

DCMatrix
19.155000 
21.511000 
19.783000 
448.445000 

suppliersRestrictions
9081.620000 873.908000 665.266000 

factoriesRestrictions
3979.870000 

DCRestrictions
475.308000 954.766000 859.654000 988.114000 

shopsRestrictions
3000.000000 

additionalCostOfSuppliers
126.424000 797.443000 968.385000 

additionalCostOfFactories
60.001000 

additionalCostOfDC
47.583900 775.875000 784.693000 376.309000 

shopsPrices
556.855000 

maxSuppliers: 4000.000000 
671.198000 
828.039000 


maxFactories: 2000.000000 2000.000000 2000.000000 2000.000000 


maxDCs: 552.102000 
904.909000 
280.717000 
986.023000 

minSuppliers: 30.826100 
103.683000 
304.109000 


minFactories: 185.817000 253.947000 131.641000 690.481000 


minDCs: 322.536000 
735.512000 
54.213600 
600.012000 
