D 10
F 10
M 10
S 10
sd
80862.268106
97273.367131
68538.921119
92188.935810
73916.016374
84922.047737
70838.292687
110299.030923
76205.814664
100542.518138
sf
113188.162137
110769.480120
107896.151367
69474.161991
81529.971295
106395.411668
99902.202709
77333.969964
113502.991888
77450.377487
sm
106042.474336
83144.908522
69198.548861
111148.383831
114429.350466
112698.039714
73174.855908
68477.792934
74418.176028
87084.614849
ss
79127.204569
116079.692241
107624.379129
113960.438127
94277.504199
68618.164946
88995.243670
107037.824439
90927.216599
88143.747536
cd
96.373138
98.765571
44.794013
33.809733
50.508363
55.995402
17.604097
84.814761
66.650167
76.640237
52.533203
41.399228
67.484086
81.867398
51.739598
20.063360
31.193748
94.269148
7.233539
84.734009
58.069474
5.066136
59.326876
6.201874
10.870545
28.322101
53.748627
70.901050
50.688782
60.150019
26.097256
99.223067
92.062645
25.057788
30.468266
18.726384
89.019326
78.798167
98.060001
5.040444
34.887858
43.122671
54.321821
70.035429
29.805472
93.735846
24.241116
11.089020
86.884477
16.811712
99.072515
28.297754
49.030463
23.291236
1.319325
59.291197
3.786789
28.536765
98.453770
53.707281
13.403571
2.083779
99.202331
88.148594
53.540550
88.941779
81.838639
21.891905
68.039822
35.325878
14.672280
33.706789
85.592384
28.348799
41.431438
54.197310
48.643125
22.526063
23.536943
16.640658
13.612275
53.285769
93.992551
43.391446
65.231410
65.590145
28.627292
73.901595
15.048253
51.582230
86.608290
74.047247
88.345726
46.774451
24.113026
85.411979
80.367921
63.670010
85.293419
2.809294
cf
80.771593
67.962913
92.295458
28.047933
66.497929
11.804495
30.495753
75.244907
30.042828
17.381376
29.920524
24.939667
12.103639
72.975901
58.622259
5.398138
6.684510
26.212484
86.060503
54.752220
2.125422
70.878243
18.389219
54.490251
80.727581
66.565971
22.593406
32.438794
34.747659
21.376502
76.348252
39.320080
89.405920
62.634713
49.947226
3.810980
7.959758
65.135681
84.063948
21.908847
55.214614
26.645147
58.907845
6.718752
93.689796
77.241870
72.060090
83.813843
34.742023
22.134129
70.242775
4.867023
35.995621
19.728565
62.744961
85.005803
33.370947
79.655350
38.709675
91.755022
91.680373
2.426041
92.321661
2.759371
29.209051
20.296331
52.910241
6.597198
54.880269
9.631457
5.290193
60.026950
53.950682
4.799194
30.967970
87.658326
83.376208
66.021758
3.926361
89.305727
47.652755
7.149712
15.172677
3.098704
14.871055
77.249611
22.892747
38.702023
64.157856
87.599101
30.983852
73.097955
98.627739
98.365585
58.794585
76.240622
27.655990
3.252378
15.884482
94.420961
cm
75.851730
15.867428
82.175887
15.701213
48.833539
39.333162
40.968020
71.750694
18.032069
98.281287
89.804226
7.624427
44.727713
74.099292
91.490620
6.160873
17.051669
9.722516
89.909334
2.130357
86.120761
35.376031
41.101102
28.292357
43.130087
48.608959
68.504520
67.693707
50.231363
32.062375
25.891375
2.305095
73.453321
24.568858
58.105865
14.509212
26.259472
53.202157
3.206449
5.332419
51.429356
75.337709
88.152331
15.549075
81.923811
68.302516
85.032551
12.347903
62.261410
77.155180
48.912501
44.131793
92.349867
47.994748
18.236612
31.098482
73.409059
2.064148
57.305518
83.969969
85.124432
88.633766
56.733447
32.115775
91.930488
79.379181
65.433776
81.371306
20.475267
34.905553
9.463448
22.005343
91.218136
27.845810
62.506701
15.303682
91.648068
23.671054
22.576114
53.582584
7.382455
43.328738
3.767546
14.678487
39.435692
58.981224
31.169916
92.902306
29.117314
57.573811
33.583760
71.674368
19.549640
25.697480
85.226965
67.649667
38.375135
24.508500
89.754634
11.107032
ud
5.440276
95.490597
93.827198
40.181994
23.870993
90.400848
81.402627
55.667881
36.459120
99.398340
uf
48.054259
34.387917
4.405537
31.977818
73.929927
21.999118
32.691158
5.494631
22.958812
4.194234
um
99.656854
57.928455
61.321509
95.264295
13.846038
80.049807
49.923235
86.637720
75.772283
33.474201
p
695.382357
691.238981
307.347627
345.719926
316.459662
762.928376
406.773182
670.205083
467.275627
891.712331
xdminmax
85.941357
7129.961079
243.489277
8920.630476
377.690118
6431.650582
158.466804
8773.347636
321.182887
7160.450301
180.651118
5634.113150
81.291371
6924.864223
285.637540
9027.883627
426.808625
8974.774282
139.593146
6161.863699
351.569488
8922.560738
74.707330
6148.342735
400.263946
9119.653781
44.004256
5675.491616
61.002295
5245.279890
372.559701
7243.402964
131.722385
5724.467017
139.230102
7436.732204
422.251551
7086.512690
55.944309
5613.873435
422.405092
5824.863127
481.548285
7968.957717
153.785006
6794.534640
328.193807
6313.664542
355.644154
7626.201777
328.378835
5447.510778
255.468560
6018.277720
171.143233
6299.886926
168.862134
7403.046779
439.212288
6746.152954
305.738306
6115.144922
51.965720
9450.442886
16.099321
9293.378831
30.743798
6875.940257
94.563102
6734.586267
1.623459
5538.437190
372.409781
7854.859468
252.298143
5904.699849
311.293412
6792.021074
234.658847
9229.147571
137.993468
6660.666224
378.971207
7046.761788
451.532061
9603.691627
111.266635
7361.402757
304.256280
8538.659029
62.111779
8117.987857
406.182142
8549.591510
24.013812
6714.570542
329.206970
7465.889357
492.225535
5143.681067
215.592838
6234.543629
80.372740
9471.003089
327.132827
6033.585729
82.518058
7937.354554
406.273694
7105.144395
255.199491
6475.380172
464.840901
5653.588419
163.801448
9847.718381
205.522835
7240.711645
331.685660
6082.010743
104.382368
6250.385211
140.881403
5514.202038
142.385913
7915.020508
164.587712
6460.757040
452.505426
6501.678417
380.985573
9202.427256
328.664171
9826.463760
82.437689
6254.082793
399.352407
5422.480143
68.823588
8774.541722
61.981082
7874.411860
378.747621
8818.013022
481.346687
8926.618749
225.675450
8139.389354
8.093240
6473.850077
281.820061
9949.369631
180.491784
9506.093929
32.512179
5646.075710
315.132717
6111.187895
345.590625
8255.847719
276.997776
6128.196639
52.776692
9913.077209
109.013726
6739.460272
354.468249
6008.534984
28.396870
7555.200548
218.041498
6078.263734
17.752464
9088.629938
29.275575
9544.268456
330.327495
9225.658719
18.084777
9763.104422
433.165511
5583.335119
271.936059
5832.776453
64.703827
5945.917923
335.967499
9236.359376
43.034950
8894.006120
183.861827
6628.547307
251.612076
6933.173920
151.035188
9199.272131
32.882543
8594.481850
47.864009
8706.557235
xfminmax
482.181038
9437.118048
333.899044
8394.940998
72.227379
8744.396165
132.871417
6950.789796
491.918254
6601.263037
370.916579
7721.515205
110.990588
5783.179204
6.922670
8379.024842
482.119732
9105.245160
301.841030
8330.461370
66.425872
9755.707222
220.833472
5043.675140
222.847436
8384.471037
164.390184
7799.323437
419.635731
6853.063833
61.231207
7509.192174
70.200984
7744.534634
247.443173
5702.948202
340.661728
8323.005363
423.313350
8524.874413
412.731032
7189.001529
77.719431
6372.354888
459.799718
7427.851095
107.204735
5433.753079
52.599962
8246.945758
268.808536
7186.677349
356.579541
8230.288241
269.748800
9040.920805
19.778480
6743.485224
465.471337
5004.465660
191.982237
8177.268520
250.372431
9577.929522
433.719429
7073.326915
398.136617
7910.108902
498.427667
9212.757640
23.408049
6938.392182
321.688275
5399.299955
269.059789
5465.176227
182.644573
7598.571041
235.398827
5671.310852
473.485142
6855.380438
221.866747
6593.091739
425.560667
7134.168121
87.939761
8355.996748
73.468529
7241.444087
427.905253
9618.152183
474.038460
7059.630504
47.869417
5748.344870
219.503727
9058.157002
116.130006
7066.327725
398.895657
7930.670606
132.534327
6940.417063
107.882587
5156.375228
96.763879
7148.347471
349.376181
5033.039293
485.293449
6115.110057
292.818152
7063.953809
159.751323
5340.601505
353.163467
9527.204630
451.222520
7223.335131
135.035693
8515.368335
42.198331
7582.108551
136.140835
9337.027029
345.257161
7393.592542
297.008408
5343.713465
265.331866
8071.950516
6.849531
6699.081705
156.812719
9088.781546
372.818082
8394.149980
333.949773
9981.102748
270.556307
8857.074739
303.951023
6168.722143
265.172892
7025.759320
476.458259
6936.911135
433.525549
5312.019986
328.510678
6968.869239
416.773898
6629.431213
5.437248
8246.954710
93.797810
5440.387709
478.388205
6414.142257
326.987766
7478.358159
448.615073
9305.766071
4.426856
6118.056671
173.079549
5089.442975
70.243404
7319.463028
305.114609
5338.226804
452.437676
5003.789049
223.200579
7468.761029
195.478323
8673.497066
311.163043
8213.157855
236.572935
8449.509280
320.311679
5200.937065
260.794297
6799.737559
296.538544
8828.715631
443.247727
7202.032714
395.430502
6214.687050
239.312937
5670.453662
112.890425
9912.308200
145.453565
5888.872097
50.098499
9269.191925
xmminmax
227.079960
9590.353383
211.746714
7742.093512
300.720778
7161.639525
237.857015
9967.061338
237.083777
7063.754885
30.044337
5492.010713
128.253338
8946.770268
99.458759
7399.508708
314.924776
9013.663473
260.336413
5689.520707
38.286278
7781.360433
34.810676
5306.504662
398.739109
5653.300185
485.010067
8416.246389
418.817900
9007.739119
403.638556
5655.140946
378.240164
7286.439641
290.036499
9822.361522
35.198246
5976.201101
365.058807
7072.513670
438.190685
7076.630264
347.460487
8378.951022
393.312662
6396.855761
124.106678
5868.294042
372.269885
6622.772088
330.391108
5257.778688
263.381713
5088.006670
442.978385
9018.640003
184.913602
8112.643960
344.947824
6032.584472
248.106101
9723.523270
364.388192
7634.633611
73.176008
5843.241683
256.225106
9001.970319
6.843294
9474.604227
207.546635
7911.903498
475.682587
6273.749742
271.112990
9927.247184
467.442989
8694.767927
36.210186
7697.102110
208.762621
7755.482648
219.659789
8480.274027
146.150113
9896.108035
381.744056
7680.128948
398.896389
6087.329176
412.810542
9272.849854
486.058419
8887.712097
355.970026
7172.567100
260.953097
6710.690507
34.588485
5414.479278
350.825619
9658.696173
390.774172
6001.377193
486.553359
8925.207809
388.862734
9031.348879
55.001242
8220.715241
133.409859
6274.759403
284.236315
9634.936784
277.411904
9496.447583
110.179533
6496.758364
163.784328
9818.961773
123.514851
9984.211041
214.274387
5953.894955
167.790884
7130.802162
242.623378
9144.246899
49.727424
7602.980015
119.302266
7640.126706
273.770960
6665.741363
440.009316
5354.585222
225.034956
5271.965204
182.869432
8277.567611
466.928195
7797.983193
236.950233
9535.010365
407.537250
8770.083623
114.845797
7696.525169
362.636425
6067.695780
162.501474
6496.201924
210.758215
9382.501150
369.162287
7235.349093
120.108135
6157.719876
338.701737
6547.046453
235.698966
9741.465996
170.476489
7162.952451
213.314216
6178.192289
331.765116
8123.764498
464.301013
9171.247561
239.191414
5892.608761
99.825598
6590.058873
298.449875
8321.398351
424.228407
6855.174543
448.253277
5016.218141
451.388785
6537.362793
123.420232
8795.426599
404.166948
5092.875582
453.208276
9673.209697
95.594964
9747.402389
298.759758
5537.210913
6.384878
6995.723059
63.086236
5488.944607
286.569820
8380.965587
310.733529
5876.127163

