D 10
F 10
M 10
S 10
sd
84363.417053
71073.805154
81800.214866
106320.371474
96543.603253
81768.372634
85169.104071
81132.010845
108144.696349
112810.503555
sf
94119.984122
92189.420552
89706.163411
108195.056602
114890.388653
84919.633058
75277.304886
112238.354774
104731.066350
106972.636673
sm
83583.061278
96605.643470
79499.698859
93863.351073
109759.830031
74226.417073
69228.734240
98904.714027
89567.100487
97983.520803
ss
87411.282723
94187.954947
119173.861677
75107.787051
68102.187906
116953.867664
90344.966332
94119.727065
98882.243318
92695.789317
cd
54.850119
60.065809
49.433574
98.241813
52.115677
38.303763
65.285331
58.486378
56.851102
73.810229
46.998627
74.811731
19.259915
12.105338
6.183253
83.386378
78.689835
37.813257
95.670517
1.947118
11.072278
71.007816
94.933909
59.947994
79.563810
10.206383
30.683610
75.203192
79.206280
88.260193
93.103139
73.559957
28.115403
91.061492
4.853706
56.616326
67.843385
45.554435
51.338235
68.128731
67.202901
8.603812
52.605121
46.079738
17.577628
97.352763
53.024845
64.686371
9.490834
74.919839
95.349854
31.052881
94.773481
33.411818
22.362183
54.062618
20.443346
6.264396
30.368373
29.642894
34.273326
53.002805
23.404164
91.802607
32.953943
87.228618
6.059902
70.402531
53.492754
88.487487
74.482713
95.579826
94.450422
13.798203
6.229714
35.191745
97.411318
49.258099
59.229557
94.234838
24.243266
2.605443
63.504683
55.197909
32.774812
29.943488
82.911544
82.324361
12.497534
2.494968
56.718060
82.541836
18.403556
51.102279
89.942687
14.701096
50.783349
43.422910
95.882454
45.038465
cf
84.674664
10.050034
80.179559
57.893787
20.095142
26.587165
55.683884
63.138278
93.312232
52.152569
7.659821
79.292729
47.332323
23.008735
29.586673
41.643834
67.183425
28.198569
62.326344
20.417233
83.053400
4.314368
91.163702
71.857623
32.494030
9.745773
12.602369
72.874772
97.291570
46.032926
54.924331
59.746296
53.157532
17.645366
14.488656
91.014349
98.346126
74.259438
38.018864
88.269892
57.710217
2.413998
74.972481
73.628135
92.095875
18.516372
63.377617
94.472927
78.804778
48.280863
2.438432
46.951156
1.054284
64.455904
90.392083
76.730407
88.333762
25.539325
84.666610
92.184572
19.989479
14.778191
94.184857
57.508385
34.406750
34.204096
76.386232
99.062387
40.137518
21.036795
45.353967
31.926136
1.918692
44.344399
26.567291
3.429264
50.460552
63.524069
34.423777
36.779828
96.057219
16.731267
50.515773
37.874957
58.804968
11.137537
61.139675
40.909484
94.719635
76.457017
7.540722
26.918340
93.601491
93.841486
98.887317
90.541677
39.060000
92.312767
47.615560
34.094271
cm
61.237152
39.244711
46.934974
4.301991
23.864858
80.710281
25.465815
98.186417
92.115697
84.132781
14.031294
66.396134
54.219767
52.130362
70.401080
80.828123
38.658537
28.616760
33.472241
51.803050
41.944202
51.172499
56.573709
14.374352
89.467095
38.760377
5.893921
86.528987
16.525548
49.992707
66.826747
11.384095
33.551553
12.473029
27.374912
41.138745
23.638948
32.424764
23.909127
27.174673
20.519418
67.830952
75.176457
85.576047
76.357483
49.312029
73.719151
63.929321
14.465118
4.144799
42.367934
62.281636
61.734526
18.600719
15.680686
58.353839
57.570086
73.905251
90.806865
53.736676
11.138107
38.689756
7.593634
43.905491
76.385638
5.422212
23.336561
20.454997
2.084933
42.101501
95.203994
64.120080
14.967518
87.823959
80.251370
37.618242
9.465726
35.101985
14.380970
6.955903
82.978951
83.078175
23.694025
23.677627
79.096819
19.474546
18.360986
18.599495
89.993553
57.121217
67.222797
99.676319
50.170263
11.871922
79.520481
86.237003
68.564483
49.541133
88.730858
62.569841
ud
72.573702
53.531023
34.885253
75.083940
38.430010
46.653455
28.962134
9.054178
62.097330
43.892699
uf
13.281192
54.241682
19.584741
34.575124
79.766229
33.718071
71.875497
70.615619
63.092765
81.571633
um
66.952209
5.776735
99.605216
94.485597
36.796662
32.581506
20.721072
57.956858
39.205274
38.477556
p
740.726868
225.290729
865.819402
882.584465
797.881055
665.007692
431.548621
303.843588
334.970510
654.915048
xdminmax
228.371032
6726.320352
401.778241
6151.790586
285.660713
9217.139229
292.720364
6701.992376
10.172335
7896.254091
106.421048
9900.837693
13.423906
8039.379126
242.644039
8008.751456
481.102212
7478.904775
115.591164
8381.196450
129.513042
6270.138183
295.253947
5863.081743
339.971853
5004.767858
326.565579
9410.389410
477.157722
7091.259911
386.291499
6340.147568
134.664937
6759.087501
17.239122
6324.608005
81.727245
8848.746929
367.866308
8653.943559
217.707672
7543.536452
229.364081
5562.925870
99.593787
8119.863918
281.250735
7860.153260
284.438973
8801.587809
235.447798
7554.328547
237.918886
9319.977576
173.040189
7444.184163
156.917508
6485.326850
484.737281
9872.852941
432.857352
6552.227206
411.626848
5705.392404
269.964136
8243.707778
109.513389
8473.341030
414.400991
8139.849300
425.296896
6202.935221
76.271471
9846.332625
121.289468
5327.518402
417.184603
5587.396595
296.612419
9357.092239
280.532027
5174.677186
229.995858
9097.517649
329.639570
9230.414676
229.488654
9649.247388
435.800560
5291.006443
201.661339
6498.683448
199.945400
7038.379294
374.676173
6067.406724
64.918979
5814.861513
247.483263
8545.257529
244.788304
7312.388383
376.953920
6766.712577
276.337236
9755.272322
31.670603
9057.758510
272.232428
7083.208817
499.635685
9125.517791
211.337337
8457.850999
114.425548
5120.816368
273.548246
7522.524163
7.870181
8379.088105
144.577411
5114.189376
0.596725
7547.121259
489.181240
8722.734171
273.709168
5563.419972
209.332701
5056.448071
485.010445
8674.800137
229.036895
8457.527673
134.334167
8647.182520
202.026748
9507.779097
294.954303
8057.524861
287.987118
7402.127408
182.444009
7320.085370
240.462343
5889.624205
234.248412
9406.192233
410.422772
5729.849309
298.599172
7765.288448
236.263407
8739.919631
357.692406
5589.299522
277.829082
8253.397237
394.607578
9421.210923
359.533114
8291.782970
138.126499
5492.671848
225.901907
7577.500972
301.710389
8364.606670
285.236236
7407.113429
209.224854
8067.369059
363.265176
5301.383701
299.321708
7017.449301
440.940133
5955.852012
370.051712
6303.115476
91.088696
7395.479327
436.079256
9293.929577
348.692302
9531.638228
190.599557
8750.492521
199.663344
6059.934929
91.524970
6156.532220
58.622087
8211.120006
337.015223
8627.601447
364.522172
8065.527504
115.594683
7837.024056
xfminmax
142.535464
6429.689921
363.713175
5193.859705
440.919849
8427.444600
391.547819
9279.287178
255.853510
8910.097452
409.375252
7022.225092
30.889935
5750.939819
210.145651
8329.161276
266.840898
6306.993823
6.134096
6242.473547
462.976809
9555.376693
469.462047
5270.979255
103.959416
6881.479393
149.704223
9416.654631
188.460866
7378.832213
421.728049
8709.438458
493.648602
5972.875303
266.654790
5877.228881
11.901857
8698.630524
244.704450
6339.707368
23.110711
8957.888351
357.840498
5615.611746
417.402739
6891.847809
302.513301
7367.780222
225.291216
5089.602970
206.875219
9092.089661
427.328226
9859.791262
348.953875
7015.089659
308.663038
8070.972522
216.094298
5950.616713
32.686322
7793.244487
428.311071
5061.396125
98.286792
7250.706714
39.871964
5133.412209
399.001001
5493.085032
53.461480
7051.255641
182.920952
7849.452158
12.095850
9137.962406
227.578296
6734.128013
11.784444
6518.748639
366.458284
6935.466291
193.427523
6781.786798
170.792875
9183.929695
334.328573
6054.964441
466.905554
5960.540406
40.085061
6871.174514
421.676736
6575.922165
150.776360
7096.203327
345.222240
5375.639015
251.268113
8213.577974
311.154233
5523.669061
258.047198
7724.617749
419.192216
7216.046830
352.439374
8524.138189
288.547217
6586.635087
60.726643
7797.764415
281.638968
6671.432631
113.073029
7484.963695
59.437316
6153.742246
468.936392
9348.348265
379.849733
7312.878549
420.772606
5187.501300
144.194963
7522.962305
294.970293
7568.884372
217.742517
7447.046197
406.851603
7225.617340
489.712874
6645.209595
455.740789
6021.231638
91.016768
9548.978959
304.958082
8364.949463
320.009090
7232.233068
49.640082
8466.796237
173.266360
6949.079314
377.866955
5453.559351
268.928556
6115.227205
41.208549
8323.066871
395.275426
8830.060727
131.335958
9251.969421
14.847577
6505.099603
172.056420
5825.589297
38.080525
8678.623731
88.931282
6524.160993
30.733697
8541.282154
341.046796
9215.846970
320.483783
5605.028392
102.123645
5020.630306
11.037910
8748.504777
62.000882
5767.683316
392.766502
9062.341149
117.112296
5762.450675
44.437821
8747.493661
181.190248
6294.887255
137.062957
7948.546789
167.292623
6896.312760
29.357438
8498.454666
177.014995
7326.626548
226.594149
5957.134026
188.467736
5433.134918
213.276899
9833.218228
214.637993
7892.792745
xmminmax
64.465929
8545.534533
99.782785
8286.286594
199.500431
9453.751055
188.900420
5496.600202
407.167727
8472.369788
440.913837
9716.720982
242.273025
9654.157769
446.629157
7732.255450
418.086105
5895.319997
415.057878
7213.549224
276.870643
7026.527827
110.174712
6289.193453
131.117865
7333.422727
279.508147
5714.347846
384.453295
9451.229952
239.188468
6399.967903
333.505739
6715.972875
169.161409
5111.770781
184.350222
6619.097987
100.282048
6037.654164
83.038728
5207.979639
485.188580
9009.839881
304.075743
9128.095159
361.771158
8050.877487
40.671085
5940.077024
157.968431
9938.425214
332.135540
7367.017713
3.295212
9084.242207
351.537891
6024.200824
74.809126
7537.116367
130.724659
7774.023960
27.422696
6183.928670
89.351935
7063.819784
396.211934
5611.520377
310.988637
6137.781219
312.180488
7476.894036
415.249270
9901.259653
103.299313
8099.118697
111.437399
8422.984662
94.482818
8347.777110
99.069554
7409.537173
356.381258
5563.480584
59.194758
8602.442301
75.041432
8339.978341
497.703783
8762.137046
193.423143
6610.129603
374.352638
8292.395490
48.830077
5854.864789
238.526479
7411.496438
164.931614
6559.535890
64.525780
5010.203880
86.478894
5255.717966
278.427288
7168.519436
41.168939
8690.645550
427.189768
9636.252231
377.758962
9715.167417
159.427032
7578.780242
202.763727
7806.567702
98.913123
6768.212509
299.372363
7332.332626
30.048898
7217.727599
10.320972
8743.281964
337.273707
8810.951085
432.637588
8347.658342
44.838477
7640.707266
495.682807
6281.015794
369.788848
6448.222022
447.120650
8207.424912
253.454053
5751.339637
426.355685
7711.811794
385.225513
9517.996908
11.035970
8072.478877
385.877368
6210.400870
481.543065
5734.971643
499.250062
5993.116378
382.625083
7243.282529
485.319878
5935.469107
193.179431
6820.014787
135.539923
7280.150039
365.586112
7420.811140
71.525022
6119.753314
90.595261
8790.860118
284.496976
6099.708052
359.224431
8999.304047
48.449571
8544.226012
307.437734
8775.697936
63.169869
7644.975422
404.079231
7712.510494
368.664755
5513.803148
219.955933
9730.950594
305.369930
5422.860844
400.627984
5337.104153
187.855191
9735.021585
238.082985
8633.573059
287.231118
6841.602421
339.228845
8174.548312
275.832492
7095.474334
108.330202
5657.100032
339.931283
7851.852769
236.590099
9283.687756

